   1.100000000000e+01   6.340000000000e+01   4.220000000000e+01   7.800000000000e+00   3.310000000000e+02   6.300000000000e+00   2.200000000000e+00   4.200000000000e+00   4.200000000000e+00   1.750000000000e+01   3.040000000000e+01
   1.100000000000e+01   6.670000000000e+01   3.110000000000e+01   8.600000000000e+00   2.688000000000e+02   8.800000000000e+00   9.000000000000e-01   2.500000000000e+00   6.400000000000e+00   1.620000000000e+01   5.000000000000e+01
   1.100000000000e+01   6.810000000000e+01   4.020000000000e+01   8.000000000000e+00   3.235000000000e+02   7.700000000000e+00   2.000000000000e+00   1.500000000000e+00  -5.000000000000e-01  -7.000000000000e-01   0.000000000000e+00
   1.100000000000e+01   6.500000000000e+01   3.790000000000e+01   7.200000000000e+00   2.725000000000e+02   6.200000000000e+00   1.400000000000e+00   1.700000000000e+00   7.000000000000e-01   1.300000000000e+00   2.110000000000e+01
   1.000000000000e+01   6.880000000000e+01   2.950000000000e+01   8.500000000000e+00   2.519000000000e+02   7.500000000000e+00   2.000000000000e+00   1.500000000000e+00   2.500000000000e+00   3.700000000000e+00   2.000000000000e+01
   1.100000000000e+01   7.030000000000e+01   4.200000000000e+01   7.600000000000e+00   3.174000000000e+02   4.800000000000e+00   2.400000000000e+00   1.700000000000e+00   2.800000000000e+00   4.900000000000e+00   2.630000000000e+01
   1.100000000000e+01   6.830000000000e+01   3.750000000000e+01   7.900000000000e+00   2.973000000000e+02   5.800000000000e+00   1.500000000000e+00   1.900000000000e+00   1.100000000000e+00   2.100000000000e+00   1.900000000000e+01
   1.100000000000e+01   6.610000000000e+01   3.540000000000e+01   6.600000000000e+00   2.347000000000e+02   5.100000000000e+00   2.100000000000e+00   3.700000000000e+00   6.700000000000e+00   2.510000000000e+01   3.660000000000e+01
   1.100000000000e+01   5.880000000000e+01   3.770000000000e+01   7.100000000000e+00   2.675000000000e+02   3.100000000000e+00   2.400000000000e+00   2.800000000000e+00   2.000000000000e+00   5.600000000000e+00   1.610000000000e+01
   4.000000000000e+00   6.230000000000e+01   3.650000000000e+01   8.100000000000e+00   2.968000000000e+02   4.800000000000e+00   4.100000000000e+00   3.500000000000e+00   6.000000000000e-01   2.000000000000e+00   7.100000000000e+00
   1.100000000000e+01   6.360000000000e+01   2.850000000000e+01   7.100000000000e+00   2.027000000000e+02   4.500000000000e+00   1.600000000000e+00   7.600000000000e+00   7.700000000000e+00   5.850000000000e+01   4.520000000000e+01
   1.100000000000e+01   6.830000000000e+01   3.300000000000e+01   7.800000000000e+00   2.577000000000e+02   6.100000000000e+00   2.500000000000e+00   2.500000000000e+00   2.500000000000e+00   6.400000000000e+00   2.500000000000e+01
   1.000000000000e+01   5.860000000000e+01   3.330000000000e+01   7.200000000000e+00   2.392000000000e+02   3.600000000000e+00   3.000000000000e+00   6.400000000000e+00   4.600000000000e+00   2.930000000000e+01   3.750000000000e+01
   1.100000000000e+01   6.230000000000e+01   3.690000000000e+01   7.000000000000e+00   2.575000000000e+02   5.200000000000e+00   3.000000000000e+00   8.000000000000e-01   3.800000000000e+00   3.100000000000e+00   3.330000000000e+01
   1.100000000000e+01   6.510000000000e+01   3.850000000000e+01   7.200000000000e+00   2.787000000000e+02   4.500000000000e+00   2.100000000000e+00   1.600000000000e+00   4.300000000000e+00   7.100000000000e+00   3.330000000000e+01
   1.100000000000e+01   6.240000000000e+01   3.070000000000e+01   7.100000000000e+00   2.194000000000e+02   3.600000000000e+00   3.000000000000e+00   3.800000000000e+00   2.500000000000e+00   9.500000000000e+00   3.330000000000e+01
   1.100000000000e+01   6.510000000000e+01   2.970000000000e+01   6.800000000000e+00   2.010000000000e+02   4.000000000000e+00   1.200000000000e+00   3.200000000000e+00   5.500000000000e+00   1.740000000000e+01   2.570000000000e+01
   1.100000000000e+01   6.170000000000e+01   3.150000000000e+01   7.500000000000e+00   2.377000000000e+02   4.300000000000e+00   1.700000000000e+00   6.800000000000e+00   4.500000000000e+00   3.050000000000e+01   2.270000000000e+01
   1.100000000000e+01   6.320000000000e+01   3.410000000000e+01   7.400000000000e+00   2.513000000000e+02   4.800000000000e+00   2.100000000000e+00   2.000000000000e+00   1.700000000000e+00   3.400000000000e+00   4.550000000000e+01
   1.100000000000e+01   6.680000000000e+01   3.640000000000e+01   7.100000000000e+00   2.568000000000e+02   5.500000000000e+00   3.000000000000e+00   2.900000000000e+00   3.900000000000e+00   1.130000000000e+01   2.810000000000e+01
   6.000000000000e+00   6.040000000000e+01   3.030000000000e+01   7.400000000000e+00   2.250000000000e+02   3.800000000000e+00   4.400000000000e+00   2.700000000000e+00   5.800000000000e+00   1.530000000000e+01   5.000000000000e+01
   6.000000000000e+00   5.360000000000e+01   2.520000000000e+01   7.100000000000e+00   1.782000000000e+02   3.300000000000e+00   2.000000000000e+00   3.000000000000e+00   2.000000000000e+00   6.000000000000e+00   2.220000000000e+01
   8.000000000000e+00   6.030000000000e+01   3.280000000000e+01   6.400000000000e+00   2.111000000000e+02   2.300000000000e+00   2.700000000000e+00   3.500000000000e+00   4.600000000000e+00   1.610000000000e+01   3.210000000000e+01
   1.100000000000e+01   5.590000000000e+01   3.320000000000e+01   7.800000000000e+00   2.604000000000e+02   3.000000000000e+00   2.200000000000e+00   1.800000000000e+00   9.000000000000e-01   1.500000000000e+00   2.000000000000e+01
